
best_val_epoch: 9900
best_val_mse: 0.00011158447565996688
best_val_tau: 0.9064181969949915
best_val_rho: 0.9862627215631153
best_val_p10: 0.992
best_val_p20: 0.99275

mse: 0.0001004077081175018
rho: 0.9878190896392027
tau: 0.9084016896120152
prec_at_10: 0.9919999999999999
prec_at_20: 0.9990000000000001
