
best_val_epoch: 9400
best_val_mse: 0.0002352642363344996
best_val_tau: 0.832936513821942
best_val_rho: 0.9354789335679565
best_val_p10: 0.9083333333333335
best_val_p20: 0.9096666666666667

mse: 0.000388900991561268
rho: 0.9181387006287272
tau: 0.8068649244740987
prec_at_10: 0.8863333333333333
prec_at_20: 0.8943333333333334
