best_val_epoch: 9600
best_val_mse: 0.001442703585392866
best_val_tau: 0.7536781777150001
best_val_rho: 0.9084480036040742
best_val_p10: 0.6721428571428572
best_val_p20: 0.7335714285714285

mse: 0.0013713001081941897
rho: 0.902451228661899
tau: 0.742062903873535
prec_at_10: 0.6807142857142857
prec_at_20: 0.7489285714285714
